1386
I 11791 89465 153494 527842
Q 8418 95325 191904 104213
D 1
I 29427 16038 956225 841806
I 76356 64052 247006 92161
I 75430 77914 560463 578266
D 2
I 66136 64052 344609 362952
I 3866 51200 861474 585964
I 41646 27312 639081 451251
D 3
I 98387 82408 452378 369886
Q 66331 47231 863927 939697
D 3
I 51617 206 589528 440910
I 53667 51224 141842 835623
I 15209 76659 721044 78246
I 76588 29499 568915 650503
I 88225 32670 968226 343667
I 99303 83353 551669 352211
I 52836 80280 250205 597230
Q 75003 2058 184021 391597
I 36145 10564 144108 464947
I 44727 66379 918573 649379
D 13
I 72467 42649 863321 966468
I 10856 96094 477074 809262
D 6
I 27328 18017 791914 666951
I 36711 91932 128727 602013
I 28641 98884 505377 541743
D 22
I 97380 30143 364396 311622
I 47640 89806 342620 703074
I 94681 41534 618956 532866
D 10
I 7213 55541 684296 489208
Q 42977 14566 153930 153546
I 62307 24742 209220 508356
D 27
I 17655 38725 443796 497323
I 10382 27272 538718 230101
I 46644 51984 482031 441143
I 51166 18327 930283 984456
Q 45702 85243 963803 928408
I 70651 8005 260524 241938
I 93852 57254 748934 889585
I 24167 78468 253625 823288
I 22634 75962 645489 122087
D 2
I 16464 56961 403436 913413
I 13397 19520 480818 557654
Q 35191 88488 485572 656603
I 73341 31559 125151 155165
I 11657 94452 539333 539932
I 52571 91590 233949 364212
I 27487 50408 125913 162803
D 7
I 13818 44921 410272 707148
I 76226 85419 294755 791599
D 4
I 45998 34986 366283 631717
I 58093 78720 501672 222010
I 35513 14572 986450 231315
I 48442 22895 372474 302203
I 52718 3362 407807 197967
I 73071 75742 115719 143630
I 15668 58889 269653 960247
I 41215 89820 934179 304335
Q 56734 583 895912 273843
I 16576 89279 440891 193073
I 75898 26340 743310 323044
I 26580 90176 400469 967024
I 87963 42617 651525 331862
D 38
I 78623 12125 110342 40363
I 19287 53847 379748 884795
I 83183 41856 207800 507755
I 72018 58047 672396 989793
I 72794 94454 816832 913584
I 36050 86488 751177 991233
Q 779 11579 303207 306848
D 34
I 30978 32717 303738 479241
I 61470 24426 798085 526560
I 33693 44126 177016 93578
I 28137 61244 164529 502296
D 43
I 43093 32864 724350 469905
I 41400 95833 553684 504151
I 72056 91075 474403 572110
I 77916 22263 589790 860767
D 51
I 44427 86032 975966 189431
I 90998 50641 833553 153397
D 46
I 14689 13290 771628 118789
I 45812 41888 561312 635765
Q 46095 26222 421934 637951
D 48
I 67953 31686 116458 622244
I 61603 33035 783721 118887
I 41946 41282 821396 753602
I 8649 33662 865298 257463
I 79614 94522 559323 532415
I 85260 76093 821398 854880
Q 88762 98865 442565 840418
I 39830 73197 875520 528693
I 24070 6414 279181 326586
D 9
I 52085 71888 289085 821756
I 12082 14038 560269 385065
I 83820 82276 849562 459206
I 45223 96691 827272 427707
Q 56268 40469 946214 186212
D 79
I 79755 58591 195529 624930
Q 10379 20196 350773 201705
I 46457 11985 863300 583897
I 36292 66279 417456 222522
I 9706 24994 683901 705686
D 61
I 92227 52887 93694 298456
I 83747 7611 343517 183490
Q 79576 91603 228353 567563
D 72
I 63144 32357 966674 712453
I 54095 80319 912254 835653
D 5
I 1197 38330 699028 122355
I 36412 90917 903592 917075
I 35549 98831 148703 326074
I 85374 92214 596716 873313
D 7
I 23673 39902 445148 504901
I 5613 82747 209639 624453
I 37763 77046 656250 795689
I 49986 46243 739517 470315
Q 37769 54367 951807 861414
D 6
I 48000 24777 270808 857029
I 61298 42928 409279 91872
D 61
I 33504 5810 68995 92806
I 66891 67523 877890 789932
D 5
I 23355 96152 785240 499394
D 39
I 11933 98200 413206 874977
I 25724 80458 922015 244377
I 5506 18500 414300 85308
D 21
I 82043 54353 649839 794366
I 87927 918 168700 897441
I 56519 22909 467065 571674
I 53216 61448 348342 362478
Q 99906 78524 864165 442430
I 29277 41781 319309 417699
I 34418 3584 165199 385769
Q 62250 67378 370978 537428
D 21
I 61377 24385 710551 470795
I 93396 92957 306090 949325
I 85239 93911 576176 336152
Q 20460 21239 147544 749419
I 35853 94192 979807 262935
I 22891 1430 739361 47027
I 90366 81882 711975 832080
D 100
I 36943 99433 968919 949595
I 79415 19101 576160 193673
I 58775 51951 377283 558870
I 35951 98070 421972 410311
I 41619 9113 329684 369683
I 11369 76018 937589 251135
Q 29668 26118 419574 516481
D 108
I 10176 71983 336027 461094
I 77978 67646 723525 525734
D 18
I 51446 26775 167275 797791
I 79486 61586 273631 900096
D 126
I 99881 859 444045 512079
I 98642 64310 133583 894633
I 3074 84500 419054 173648
I 39701 90946 496824 920621
I 62455 72330 789208 711646
Q 23468 82817 35939 953595
I 28867 79314 266511 558780
D 85
I 39410 90351 672280 838471
I 71682 28072 691100 935152
I 12081 39085 915900 200209
I 87786 26007 215824 327001
D 34
I 54966 56443 95640 569708
I 64137 66110 794278 706546
I 11587 37705 396482 646769
I 85186 89716 130781 729389
Q 2588 53533 677389 390626
D 17
I 87239 48141 723997 409704
I 15107 9695 654241 731434
I 20290 67057 879862 286969
D 61
I 39748 26409 771989 74908
I 9146 40748 55728 784342
I 29938 91936 644240 100381
I 43162 95153 701576 975629
I 91560 84510 342287 139547
D 130
I 9132 86815 424412 224213
Q 58835 39948 341483 191423
I 30121 79350 101656 369425
I 29846 48057 392348 785070
I 8251 44065 268161 252760
I 14169 56827 927558 579173
I 89052 49368 250859 632245
I 22762 69213 664804 960501
D 71
I 91765 21027 574005 239639
Q 78421 73831 574891 720635
I 97624 70641 749472 782727
I 47229 81393 152873 341052
I 28911 15772 841327 797633
I 90027 14529 647946 859005
I 59716 26765 63148 479171
I 10738 3742 115399 310170
I 30740 48782 336191 748631
I 96570 85792 665717 592301
D 27
I 52888 66708 425160 897581
I 89476 29744 863209 846991
I 13197 76858 658721 485212
I 51166 64678 516109 468012
I 13460 63136 115548 770305
I 70123 8947 516678 67685
Q 85835 13400 627748 720824
I 22173 91565 959076 119263
I 94076 83789 501797 598446
D 87
I 63745 1113 573274 347719
I 19854 20446 344988 401246
I 69282 6065 564175 717499
I 2334 70391 240957 134921
Q 44479 57950 465560 697433
D 61
I 43018 11268 764850 96030
I 86094 26154 186448 786349
I 27832 34804 143258 975470
I 86511 12381 625931 472205
Q 98279 34412 164879 326840
D 55
I 75684 19456 895668 763118
I 79776 28906 282918 322122
I 55121 5545 265835 701947
I 72976 19836 335809 325572
I 18492 1637 508367 435917
Q 22114 44404 352608 109592
I 58773 21575 452563 350793
Q 54183 59755 84975 165156
D 78
I 37158 69606 627269 934690
I 19311 16705 491241 970278
I 99106 62393 805503 162757
I 33265 4887 476129 124388
I 31119 25593 485470 593318
I 96110 43186 489023 171071
Q 73389 68052 352721 545633
I 22800 46443 999564 87405
I 13216 87959 221777 338575
D 86
I 63013 94665 926047 401248
I 66382 32894 863543 261236
Q 68890 7162 874030 463980
D 39
I 57228 55543 590371 161856
I 45156 50319 909017 780949
I 11049 62289 454001 789545
Q 65329 16679 878861 257156
I 99296 66909 198405 208082
Q 46199 70447 448867 884130
I 98223 50877 721692 177492
I 57151 3576 706451 857732
I 4367 84720 336963 372553
Q 99849 69221 644532 333263
D 195
I 41112 39047 42862 529147
I 93867 81012 877011 422014
I 87263 17448 875382 892797
Q 34859 68067 270089 402026
D 99
I 37919 79603 733910 97023
I 58469 76562 926409 955529
D 182
I 18961 79510 632635 392528
D 190
I 96886 7854 620154 403801
I 83525 15789 976675 981309
I 21976 2093 135759 987852
I 38487 95467 961850 426160
Q 55217 61435 934362 600916
I 95720 57990 961891 201695
D 69
I 40580 97457 588273 201269
I 883 29869 146037 137117
D 34
I 48726 35212 483387 44238
I 91754 56389 470734 599983
I 99237 91709 704278 373156
I 64995 51220 400385 454504
Q 44546 75441 578823 986532
D 31
I 32120 95150 771468 794911
I 26462 93706 785943 463944
I 820 34037 952741 265701
I 11098 2579 29499 293113
D 62
I 37321 53672 566607 428851
I 5520 80126 392392 894373
D 161
I 64967 84328 656143 265390
I 93577 4225 190319 320316
D 212
I 74937 57612 282146 134519
I 98146 41358 531153 469070
I 42196 99514 763057 875976
Q 14060 42267 78687 201060
I 35248 89733 379370 765687
D 173
I 52558 38713 691947 75527
I 82455 57189 810273 407039
D 53
I 99111 39073 547511 400182
I 32172 52271 720605 296980
D 98
I 12971 85175 608508 489080
I 60278 56301 739059 341222
I 66617 87039 701186 348393
Q 65087 64206 114469 584351
D 174
I 88966 76520 706426 784969
I 77586 6080 548713 810538
Q 15444 624 165256 734721
I 40528 55863 648076 751223
I 55500 22989 671830 888990
I 58940 54164 615433 803605
D 191
I 86500 76800 876741 241198
I 51806 51882 184395 319651
I 52838 62854 190496 122437
I 16307 94508 207394 197395
Q 12043 10288 550986 333102
I 38371 674 543874 375494
I 90348 49477 662183 604152
I 88861 35809 301453 908082
I 69205 36771 573386 989809
I 51910 1777 214283 384988
I 59609 49491 445607 849871
I 99784 31756 538052 231091
I 87184 75975 782803 154539
I 13825 2275 963018 764304
Q 56814 69200 283587 875909
I 58995 20652 680934 898013
I 49516 93702 772660 496518
I 52284 14335 968553 425358
D 138
I 85165 46829 203970 459630
I 33336 19288 337307 195906
Q 73341 36539 609847 991756
I 94636 84491 950142 335574
I 28027 88997 376336 211812
I 85634 27125 318161 305561
I 40700 97110 287769 241428
D 191
I 54174 69368 760125 930536
I 63531 21814 574808 583632
I 97905 10464 842193 919261
I 43083 36833 524404 986505
I 30061 32222 552420 849028
I 27854 60926 391569 305511
D 152
I 96363 9515 772721 900018
I 10161 51425 937479 937490
I 89244 96184 486720 368703
I 16745 52243 651647 801377
D 78
I 80505 28617 469779 585349
I 58067 35073 832608 150517
I 9817 79146 294332 780090
I 98985 89668 153250 386243
I 96894 12415 236859 665151
I 37580 71740 563549 755263
D 165
I 97824 44434 896639 161559
Q 85303 83563 610335 137739
D 85
I 75737 92876 98500 878457
Q 10999 96916 734211 715551
I 20368 26908 757175 805258
I 13311 42873 413602 901845
I 67327 18731 868812 525936
I 42397 54667 244552 958032
I 6656 26088 747035 163013
I 12891 57578 748880 524813
I 31033 5357 789913 974475
I 95788 43175 534728 611513
I 18047 30681 452136 938829
D 129
I 34429 58423 74464 382623
I 10485 89821 11824 892722
I 12830 88794 334463 209850
Q 41141 59128 363589 903212
D 49
I 71965 77651 734739 698682
I 55523 22531 587013 161963
I 34988 67749 424524 922420
I 48565 5129 648583 849799
D 70
I 83148 49631 315896 182994
I 22565 45831 497225 615050
I 30789 628 924306 925338
I 23627 27953 746977 265574
Q 21319 10406 484854 228202
I 78614 81222 455313 933363
I 34200 3527 609267 5715
I 6090 93717 700154 819455
I 54622 22721 114156 783252
Q 72631 50808 179160 124415
D 308
I 77958 76342 438341 676245
I 64744 19804 680854 686512
I 99997 88047 738042 889721
Q 63894 13100 919092 141696
D 48
I 76011 56874 656212 844244
D 146
I 43885 96373 992004 648526
I 88501 99566 137684 336442
D 198
I 45114 94000 489417 612346
I 61807 354 503427 12213
D 162
I 35822 73027 885591 295654
D 89
I 56620 67371 482819 863556
Q 40998 10076 658366 256566
D 240
I 60537 24025 952344 760672
I 72110 56387 632561 434584
D 67
I 13486 5432 111419 959051
I 32438 1639 627796 120143
I 56367 21930 386482 189519
I 88626 19666 941945 397958
D 112
I 25655 74112 735838 241053
I 21706 39217 813176 403569
Q 86827 98666 525529 854414
I 41023 45918 967600 350912
I 60187 26761 383674 543415
I 53714 674 94883 941518
D 85
I 97802 13500 393134 72662
I 88133 91796 419013 290256
I 29411 21979 48721 90090
Q 29245 4555 714940 496482
D 263
I 85950 52810 534709 517329
I 82431 52789 985315 503701
I 83707 38947 191633 651610
I 62918 9905 257247 864965
I 39447 49698 947186 441866
I 55251 81370 306347 492463
Q 30417 44218 99581 778833
D 113
I 55256 23139 396686 564734
I 58468 54174 405118 232749
I 57113 49656 824062 665675
I 91584 54781 789053 646304
I 76844 95682 852540 648618
I 86100 41543 876010 87059
Q 12985 94156 340094 490751
D 206
I 39447 22454 585044 747382
I 9739 85562 962478 457182
I 41695 48429 579915 49141
D 173
I 83561 42301 710897 942458
I 74270 54211 652448 120907
I 23271 13950 544867 859964
I 14762 12483 941920 152208
I 99646 2150 292089 556147
I 53982 11483 657511 48039
D 35
I 25374 84911 68373 744132
D 116
I 22774 68862 547673 486423
I 44036 21419 445187 559252
Q 95854 7484 521068 424453
D 58
I 27501 5132 594779 20551
I 20158 99722 760103 695484
I 65914 50 182916 557931
I 73807 13393 644493 257067
I 73726 50814 279302 477635
I 67654 54335 665206 155439
Q 14878 98307 107314 335683
I 82862 82788 280535 459434
I 11501 17144 267357 742178
I 64653 35839 294526 836928
I 16065 33859 694145 227966
D 179
I 25485 66299 440910 618075
I 95862 39319 380406 315946
D 361
I 66498 78727 503867 113368
I 38121 42786 236085 969719
I 8056 61302 760280 676386
I 57368 53811 160403 668189
Q 20221 50738 266439 75792
D 147
I 6785 95684 66017 977304
I 53389 87331 478472 772982
Q 7074 55727 313219 923138
D 80
I 33658 63569 381763 225825
I 99746 85479 783680 711590
I 65923 32604 348485 123668
I 95438 15144 920725 124481
I 23725 47764 929281 442670
I 45169 23475 283488 73760
D 159
I 62486 64734 216181 441278
I 48945 43308 675066 71743
I 31183 19214 914068 406475
Q 22396 23522 497724 224306
I 2116 33545 123461 871118
I 15659 77860 409800 202407
I 83399 30601 565698 525341
Q 50485 45512 834895 182245
D 251
I 3031 17007 939448 38858
I 62863 12844 827206 636068
Q 53238 55164 436039 133799
I 18366 6650 516597 843644
I 16968 8255 436051 446686
I 7645 48569 248994 800251
I 60423 22599 730082 559350
D 82
I 91778 36636 710648 304054
I 90150 5152 485728 235795
I 46731 33473 701082 155503
Q 70322 22130 674580 705886
D 263
I 55462 94340 497152 657509
Q 84068 94266 496477 785541
I 66092 3808 841105 190402
I 31664 59945 179750 529328
Q 10879 53923 817270 971790
I 61847 28287 148368 680407
I 96195 35585 484119 117517
D 134
I 78574 70281 434024 412974
Q 26662 71184 53023 171537
I 91093 11116 358537 881681
Q 34682 64389 343666 272129
I 38287 67148 747321 530435
I 78743 39851 464238 267570
Q 87032 7281 565846 623027
D 374
I 73152 51950 922130 603158
I 13087 49413 383110 196552
I 99961 28462 378171 917368
D 250
I 28711 32071 50617 382060
I 11541 47321 983062 462261
I 5520 89942 559606 873838
D 21
I 92287 72697 702664 678128
I 31033 33761 35760 814747
D 152
I 28160 77292 841399 282146
I 26345 25181 215009 74400
I 16117 8625 859428 68618
I 3883 98685 313732 437594
I 72298 88379 542138 196043
I 27467 87947 152288 702640
I 74608 55209 872924 527803
Q 93337 30035 869639 592736
I 95764 41388 685111 544665
I 39508 48480 538309 487815
I 27581 11457 223820 311918
D 292
I 73528 45716 319644 287318
I 13884 92034 449903 923321
I 51644 41419 957373 254685
I 90587 12070 411702 573870
I 10229 47491 842783 394704
I 2518 64309 802422 635996
Q 2238 44346 435413 275720
D 52
I 26823 79295 966946 354238
I 36779 28400 925784 493807
I 25522 22589 817208 385281
D 397
I 45293 58684 521965 659323
I 73856 85433 704363 265426
I 41608 72459 539155 237359
D 383
I 57881 70240 783620 708021
I 82464 70248 375904 823356
I 4423 94374 552602 841096
I 84933 84515 456696 565215
I 43778 79611 336917 662750
I 27206 62182 728177 102806
Q 15989 11309 492448 113343
D 423
I 12838 92136 720019 968839
I 52681 88673 595495 482795
I 97628 42960 813110 779751
I 557 36674 396458 934358
Q 98430 96733 139210 290708
I 67649 24638 366085 680367
I 79537 87645 569859 421543
Q 32711 82975 197791 778413
D 125
I 99183 33121 599163 207208
I 44710 70280 515445 798621
I 11185 3077 186433 483564
I 38315 39881 151381 619565
D 239
I 57470 26625 913110 624706
Q 15740 34587 512313 129157
I 83678 16356 908255 628915
Q 96044 35026 138165 91135
D 1
I 61945 14233 815037 471574
I 32030 64560 140233 619054
I 86319 77728 434602 711021
D 404
I 36869 41794 226061 706039
I 49121 86931 811071 806321
I 62157 54206 609356 221448
I 39218 3148 925223 351332
I 15266 24840 741161 333369
I 40239 42060 575709 391370
D 151
I 54194 5113 731458 36979
I 83447 45255 956786 48179
I 18598 93166 943588 154170
D 67
I 17200 23201 320833 493578
I 11880 54915 487130 472426
D 173
I 53677 39714 283191 381244
I 49570 29141 431998 925442
D 160
I 12514 62860 869655 964092
I 70526 82302 754333 228820
D 38
I 14989 31610 935773 92748
I 15826 59206 601517 328291
I 25600 61017 391381 520744
I 38782 96331 168295 175023
I 62484 64617 246458 607424
I 22261 21096 284909 442219
Q 17941 8987 124206 455995
D 64
I 62493 59840 419576 768198
I 6348 3742 256093 77078
I 99446 41606 851956 934464
I 90396 73709 776957 585098
D 349
I 33888 20617 902679 457621
Q 52150 96464 630873 674726
D 447
I 81160 46410 159562 576716
Q 99256 60438 628972 876031
I 63619 53395 518236 636883
I 61720 33600 412475 357234
I 13507 93283 313314 243771
I 23124 35202 789433 241148
I 85640 24178 480019 785729
I 2866 46379 711375 481473
D 205
I 50366 68892 972788 762351
I 21696 96742 487200 303587
I 3241 44850 405015 352943
Q 37649 22784 331117 442501
I 82968 49788 578197 764360
Q 6323 79816 49165 204453
I 13461 5111 136341 548663
I 92660 87703 503226 347550
I 80607 22559 733861 551085
I 131 20858 431297 404973
Q 5238 62115 362482 909993
I 12947 96233 821123 398936
D 176
I 17517 39940 904729 89446
I 92951 56506 541363 502059
I 80744 82551 81883 159185
Q 82015 5422 199888 85437
I 49998 52960 872397 505179
I 34257 63992 900187 314355
D 274
I 22 33576 129526 520863
I 36128 11490 515726 860922
I 70182 37617 881858 756486
I 86676 71169 433933 245596
Q 90298 21547 390184 66975
D 121
I 85808 43911 640377 679292
D 323
I 94525 69987 385669 104887
D 3
I 90166 54967 505139 936231
I 26631 7272 480359 528099
I 49012 50845 712064 554878
Q 70653 6692 159049 213822
D 82
I 11686 34689 125437 676294
I 9479 57049 570850 810380
I 81248 38378 759422 40105
Q 4622 67126 696557 151697
I 17918 79218 772291 125300
D 330
I 32200 65700 166153 327184
Q 14462 87271 672457 848870
I 89562 62620 597990 93868
I 32731 35721 374738 384256
Q 1586 84910 645110 744021
I 2183 82925 973202 315436
I 8634 40554 253809 516869
I 90278 54710 740851 795652
I 21425 21972 627306 883776
I 66862 41802 997420 842833
I 58950 32705 376090 646397
I 87310 7997 820161 151476
I 36451 75530 896319 443807
Q 91378 52397 157776 705709
I 79488 49988 973408 887331
D 190
I 93865 66359 894178 565649
D 460
I 49137 69936 972090 471206
I 53653 50124 362196 810561
I 2810 62420 656945 629279
I 34560 70008 765861 983868
I 35706 75208 968346 912654
I 46600 50926 91357 488044
I 53603 15741 640780 494894
I 56370 42924 590490 719327
Q 78929 67788 364933 281147
I 7679 24179 88273 210351
I 48267 20893 739784 426556
I 10606 83965 177177 191691
I 76471 79895 765209 132773
D 87
I 27081 82209 307813 534686
I 77881 11416 298864 151228
D 111
I 43300 62370 956589 664187
I 81270 74345 340564 613883
I 68359 62578 519354 607570
I 88151 56344 153919 220350
Q 93431 39554 120683 679601
I 71716 8364 193663 864357
I 69065 28518 483142 375682
D 501
I 49110 26740 134405 202199
I 13576 5815 250638 23152
I 83305 23430 452919 323588
I 84161 62841 459676 584328
I 3443 47348 383298 948956
I 55924 6238 394678 315924
I 42243 68013 310648 835039
I 85 72590 796408 213594
Q 41789 33361 439216 687835
D 273
I 47032 52312 494126 777346
I 7110 10621 449290 678360
I 98297 12242 510182 528225
I 5486 26887 258305 758813
Q 36089 23613 805867 229311
I 85238 93738 916100 262192
D 85
I 43170 54569 981695 710384
D 331
I 13832 54022 586838 445369
Q 40829 77446 212149 160258
I 62890 89198 157506 450905
D 367
I 67579 23115 796249 536703
I 6612 33955 40295 94236
Q 98932 78543 623095 877028
I 32273 77172 208054 561861
I 170 58243 886 973081
I 42621 46743 952735 286450
I 66802 72373 556460 254302
Q 36017 65065 910698 791168
I 14350 26393 365930 491658
I 40848 27934 348747 581669
Q 98586 63349 721434 827307
D 212
I 27624 520 98505 501173
I 43456 84605 133828 651583
I 54052 51876 745741 244547
D 155
I 54451 13928 511357 802571
D 363
I 53466 85655 850662 711928
Q 68081 42807 930676 791756
I 55459 91080 160998 826109
D 402
I 7258 66077 682411 343041
I 26259 44674 393498 902451
D 233
I 7424 99422 99017 135366
I 54146 30380 80142 730321
I 59190 25112 934944 142238
I 49756 87313 874205 134067
Q 15615 31109 144325 337145
I 13959 7667 26487 559611
I 49346 97378 729165 488413
I 7553 70409 270286 469986
I 99037 33257 958701 487050
D 143
I 97790 28419 109292 193065
I 15547 10527 488995 571529
I 15147 22832 222592 958117
Q 24163 59559 675299 347232
I 64611 36754 236277 762176
I 15016 58742 279343 250855
I 48402 96269 180593 367734
I 75126 75713 407288 456459
I 95289 6058 270159 655446
Q 92269 72797 713861 548264
D 516
I 164 50060 927669 741035
I 79342 62897 689121 165435
I 3131 6099 970315 447083
I 16123 75816 825243 819642
D 508
I 34278 10230 42322 159767
I 33811 77545 264395 286126
I 66929 22097 673042 780740
I 76250 17641 641710 223758
I 18686 63605 906521 365910
D 178
I 84799 87493 146724 237823
I 83081 49533 214970 741745
I 36687 67045 858350 417431
Q 15056 2552 589698 113071
D 215
I 79200 72820 387957 823869
I 47965 38781 187094 813680
I 86274 45516 945239 610251
I 81859 52746 842007 459468
I 91706 41758 910916 560231
I 61631 79572 986085 774361
I 82773 19591 196493 111388
I 51730 3014 51821 315045
I 93841 55533 575915 228391
I 88669 16960 278263 571263
I 72297 4326 420308 637333
I 38377 36645 591875 259412
Q 67468 18862 747771 267238
D 56
I 14897 82178 201199 871325
I 87767 33773 595663 653456
I 13891 90937 582308 722100
I 40513 78454 516066 833669
I 5042 70658 96846 747725
I 89614 36859 478139 526651
Q 21862 96531 817239 327064
I 58527 15672 531277 59820
I 70357 80589 231936 794723
D 579
I 37615 33826 107722 117242
I 51638 91181 91945 740277
I 89445 12944 889575 478939
I 9199 94988 510345 975214
Q 42139 52779 819884 961849
D 300
I 66117 24546 834405 624042
I 46852 92900 762212 907956
I 81638 85867 863021 920353
I 54097 36390 389292 450348
Q 55608 50405 84934 426802
I 67828 88041 191050 859598
I 5307 37054 348523 870516
I 18285 62728 589429 641828
I 15604 99079 561328 394493
I 36502 53669 858591 77034
I 12640 71888 934473 123359
D 173
I 48490 18113 592999 268148
I 86093 73976 489792 301827
Q 58759 43573 98654 110572
D 172
I 56284 83753 553138 368184
I 97239 82041 501325 322157
D 161
I 43534 34103 538677 461402
I 24790 77946 615551 539765
I 62953 85922 511933 438617
I 10881 14321 134367 236681
Q 66063 17023 246366 218609
D 227
I 47850 40748 483134 111712
I 68613 10562 102420 650445
D 285
I 23102 35235 144191 694139
I 43355 65314 728617 885492
D 300
I 44537 95793 664755 873434
I 78272 83331 830503 545016
D 369
I 38419 19214 227156 939226
I 19547 2261 417189 484730
I 64512 77629 571594 677378
I 78019 27209 808048 572205
I 72779 98879 339535 892526
D 198
I 92489 2463 665979 575579
Q 74879 49199 832278 798886
I 97805 12522 547638 830534
I 88858 55845 510289 855459
I 78445 20402 884537 911973
I 96823 29838 888213 436704
D 553
I 88798 57136 612606 538782
I 19572 71932 470881 267368
Q 26414 13589 43910 717316
D 515
I 18657 25407 184987 560189
I 43728 53237 137917 300468
I 3992 34706 656674 39337
D 331
I 58347 87435 661042 871705
I 96958 77296 325344 900565
I 38230 34538 706750 786904
I 29792 74428 59686 150601
I 54288 46782 743648 432966
Q 62083 55638 930380 681130
D 279
I 56148 99608 737596 430715
I 93497 22454 589599 547391
I 33936 98225 88092 961928
I 25784 82184 184529 478942
Q 7214 90647 876791 670363
I 38175 88289 673026 679639
I 31571 44980 806923 194557
I 39675 47172 955369 373914
D 509
I 13085 70116 580335 875289
Q 43512 82091 648789 762602
I 71932 90260 375751 260299
I 15364 27740 69177 815938
I 53599 42321 486664 566788
I 48300 7146 798518 959448
D 629
I 87618 43823 313640 349189
Q 78093 45623 318602 56223
I 7195 6344 86388 914315
I 46431 70901 570203 694829
I 26102 35217 292992 569363
I 57146 32058 433391 68856
I 31395 7515 128243 221476
I 18517 43428 949304 460203
D 128
I 94614 84966 291554 421048
Q 84807 75567 662714 426594
I 63610 99487 68226 416477
I 67992 64615 931141 217801
I 90902 9772 477320 184138
I 24331 65988 605497 116427
I 50581 70942 382078 241465
I 76810 37315 420712 275334
I 39257 15962 150266 867702
D 109
I 9871 99277 560104 568920
D 10
I 22132 89475 420465 271508
I 33831 86988 783160 885687
D 381
I 77773 67068 946389 99814
Q 40130 46374 480199 574164
D 364
I 85906 36149 791094 613203
I 88931 13049 612419 435196
I 29441 42185 369454 875945
Q 59333 62027 504754 338707
D 528
I 92678 98859 210872 302984
I 13224 52593 710186 845738
I 81327 60788 569728 256168
I 1585 92980 866589 537291
I 76578 80257 898599 511261
I 41374 41223 505057 172864
Q 3757 92726 235950 197896
D 556
I 19506 32328 760966 466268
I 90722 65795 984680 421830
I 56873 98489 990747 691704
D 720
I 33694 16742 880940 831129
D 93
I 16704 78905 925001 133123
D 640
I 80321 68621 368733 984646
I 56179 66550 594178 104659
I 29335 31482 727119 380031
Q 40488 85538 931710 669991
I 97050 829 539665 458800
Q 90544 64761 580311 696805
D 188
I 63765 40750 592851 250482
I 19777 74698 87554 324555
I 36558 48558 100439 413249
D 688
I 33119 50329 720663 503022
I 22375 72381 321226 794488
I 94889 58585 785383 282282
Q 64800 9240 234366 260584
D 651
I 95272 96441 838943 562836
I 75965 45969 642206 968574
I 8987 40960 507173 48601
I 91814 66878 157023 750275
I 36163 54048 708355 500724
I 93384 33860 693287 492778
D 135
I 29854 76059 142675 445689
D 489
I 10394 88280 588224 571221
I 30075 8766 998845 651141
I 88886 41590 313027 677208
Q 62440 3568 566726 332309
I 17343 99626 649723 698120
I 81857 92531 909840 495383
D 578
I 38609 42657 716898 554152
D 253
I 23415 32446 98657 207968
I 56122 8161 628569 263487
I 23407 17120 238770 133368
I 23990 12039 519103 118150
I 55227 60374 58508 730153
I 40148 24864 572629 99619
I 84760 78085 632774 587315
I 34941 13105 978612 613227
D 540
I 10825 63309 831258 605982
I 95603 9878 139034 14462
I 19990 16020 400240 291427
I 49141 58800 621009 641983
D 197
I 44041 92897 390598 362400
I 86238 35965 161415 186856
D 307
I 349 16213 244786 101493
D 374
I 54444 57415 297674 924315
I 53580 53082 232717 848834
Q 1955 9052 24343 884772
I 85038 87556 149111 924014
I 20738 88651 481478 402632
I 79815 62878 718994 604010
D 369
I 69437 66403 329911 472859
I 84701 91277 773679 571696
Q 89688 46653 649017 432794
D 122
I 54398 22874 115135 406849
D 176
I 58964 9129 704770 702553
I 75054 94789 469683 944731
I 37131 28549 650501 295778
Q 44327 35322 260900 843213
I 62758 50009 970238 286905
I 20653 71153 461741 822738
I 11662 67403 899951 426758
I 39590 71987 522726 415306
I 45260 28090 84057 624075
I 88081 56577 97519 429498
D 489
I 22024 55610 146404 699176
I 70930 55694 458654 662715
I 14473 30389 144534 268185
Q 68621 10362 732656 269111
I 31779 75803 932094 304505
D 268
I 15668 57009 34338 378359
Q 20966 53563 73873 355601
I 16495 16128 784325 859719
I 98373 13710 532207 596360
I 53034 527 839518 459713
I 96639 89080 615711 826928
I 89994 83393 263325 810943
D 492
I 43992 32397 193562 520211
I 90780 45715 342291 54461
Q 42621 74468 849185 279230
D 333
I 12804 54522 248665 139916
I 26592 78 719482 801318
I 30564 45188 269514 583628
I 40922 5732 806715 699296
I 67142 94628 961410 259037
I 36727 34801 53893 678182
I 87199 15248 886875 282204
I 5896 44465 311096 127673
Q 18858 96731 38855 845315
I 62124 88621 444955 992458
I 89565 35545 418271 396263
I 36464 74025 197547 189526
I 80550 11695 822031 711254
I 26366 46340 588559 77187
D 131
I 66431 13686 696765 389486
I 58388 83272 216095 115628
I 18740 31891 95865 336189
D 756
I 99407 75169 868246 595938
I 17873 55621 277092 278532
Q 28945 40838 557203 60101
D 4
I 50431 79163 300462 657581
I 40948 86507 645328 810503
I 14673 5036 988337 339419
I 40789 43121 561770 840582
I 41724 50473 604875 974628
I 44261 10518 245175 32858
D 78
I 64590 67198 436933 994483
I 94061 33841 644146 546312
I 43794 75210 326617 396337
I 8704 45960 553009 880650
I 68731 86635 845230 796283
I 53193 95364 608899 427369
D 590
I 93046 65592 112072 928231
I 88299 28075 237043 936334
I 49057 13815 149254 429440
I 94027 69603 399303 407937
I 92583 83907 880640 863624
I 79871 58183 605075 770394
I 58883 35731 806210 570110
I 32562 3050 288725 427936
I 74949 59813 486553 91532
D 161
I 15811 64949 515040 608875
I 15453 29184 606573 801730
Q 34223 66801 795514 407363
I 75760 8921 770490 708466
I 44827 24631 753458 392733
I 57029 33500 654728 106033
I 36774 7201 532001 195530
I 12003 18301 77985 534848
D 500
I 56366 99819 147747 423708
I 48847 41744 780728 724192
Q 92168 18493 810762 535346
D 53
I 63172 74280 669384 140291
I 26332 42624 573414 653803
I 31257 85562 675978 587108
I 93897 86147 749980 706426
D 267
I 48575 81839 627808 365086
Q 8996 31463 228191 931909
I 36066 44390 637430 906456
D 736
I 22310 86795 397452 583269
I 39957 36464 264343 92355
I 8148 64379 200168 499800
I 23576 43133 62120 154543
I 86502 54109 570246 191452
I 90706 99383 803078 930565
Q 77067 67440 818051 296892
D 345
I 43283 96454 407798 653578
I 88680 25718 628789 696578
I 46679 90194 526463 981954
Q 93638 58601 366156 345072
I 41022 85364 785528 442836
D 671
I 17243 3414 735188 811799
I 64870 63020 624332 582729
I 57888 4874 400365 722662
I 66793 96322 176231 697930
I 53082 12952 957855 981618
I 31548 88397 218849 982568
I 37769 16645 189237 316703
I 30337 41867 171226 386867
Q 82327 71163 290479 674008
D 70
I 36673 45860 977214 715682
I 15008 9680 776127 698450
I 42064 12479 536066 830600
I 48920 71890 763190 474655
Q 17631 42471 58478 365434
I 20149 62400 873230 840052
I 28023 2386 974648 613062
Q 58684 86084 80876 242262
I 97760 22736 664002 484835
I 46565 90843 911178 558663
I 98457 34724 485313 378899
D 385
I 47071 76906 228321 527402
D 633
I 11087 48735 884645 992195
I 44668 53469 369721 676384
D 176
I 1764 7380 275316 182606
I 78047 71493 141680 356078
I 57417 8478 138453 287971
I 96083 20357 455562 620847
Q 1079 54219 661807 383564
D 591
I 44348 64577 260237 644669
I 5698 18304 983351 162325
Q 62791 65986 957760 429551
D 634
I 57099 21329 522785 288466
I 2800 53602 584992 491602
I 3160 62904 425538 442194
Q 26367 45373 93366 948399
I 3032 80772 23860 287411
I 41529 95612 101647 619448
I 1059 20052 453166 225604
Q 89521 67598 280978 757584
I 25637 53468 506843 623816
I 71088 20108 730509 553798
D 824
I 7481 94346 979402 518158
D 686
I 27249 52107 691007 295307
I 65931 91931 146547 677251
I 38003 81002 806718 390522
I 91996 20234 828214 342869
I 68027 81392 843123 937309
I 44608 4736 625420 850473
I 8184 43905 234865 243152
I 58824 62950 252503 687243
I 92978 55035 657541 804243
Q 8139 11291 635684 625174
D 569
I 58637 7891 714109 700997
I 65328 10485 818309 669186
I 7491 92677 354673 247149
I 77997 89657 905590 439348
I 22211 77503 966349 921025
I 87156 20759 397873 204338
D 423
I 92835 45791 95691 770922
I 45518 57713 411568 870931
I 5332 4383 658939 461449
Q 17299 31029 66026 692299
I 75885 52957 900123 106728
D 518
I 57566 59997 441832 379715
I 47298 24071 866766 867749
I 82488 5390 670991 865144
I 37115 37885 610427 351968
I 48129 56834 629577 999162
I 24816 18406 514654 670526
I 12099 35198 838976 78325
I 55381 28964 621903 980572
D 436
I 20133 23210 325750 878996
I 536 73980 679979 425943
Q 38144 70281 126311 222383
D 60
I 94753 82393 723177 527437
I 9366 15359 505848 562805
I 86876 25173 263253 241796
I 25292 93136 109294 990091
D 408
I 78914 80184 157574 310229
I 25400 39742 872860 252380
I 94631 96272 998092 209426
I 89734 33620 867457 366163
Q 25933 16193 72990 701393
D 411
I 52659 60774 619752 98810
I 99376 47744 120296 211698
D 300
I 29896 98575 832427 967563
D 163
I 15001 1190 36488 159859
D 93
I 41783 74004 465223 682628
I 45425 97407 369160 486253
I 50731 82218 859878 259685
I 86347 23137 491702 577041
I 57546 1853 475704 394556
I 27674 31715 227731 209988
D 644
I 12726 93729 291595 94895
I 58241 52590 568997 972349
I 80392 57191 544677 207236
I 75287 89932 363434 510925
I 4161 99794 556526 573343
I 61989 75797 378800 94469
Q 71701 63996 143719 510874
D 340
I 33484 94243 958241 322098
Q 10618 69368 71392 273875
D 923
I 41260 2961 143238 933032
I 39005 98353 560209 483369
I 85383 82444 118686 828093
Q 1786 66249 110726 346655
D 60
I 41258 51086 567681 467707
I 56691 33654 86365 411300
Q 8800 15856 187972 750907
I 5135 46972 261824 850476
I 78861 76883 471846 764212
I 80347 54562 506152 282965
I 7792 10294 283989 875316
Q 43328 48942 354919 682581
D 520
I 8639 70588 518594 969785
I 32128 59666 863034 334317
I 41003 6939 78603 751358
D 577
I 2429 64732 960895 272989
I 3091 45511 140321 480877
Q 30710 5757 899002 126869
I 34753 33905 424439 774560
D 643
I 47744 67489 133005 429917
I 66837 32852 253382 43328
I 66979 97308 921354 916312
I 65315 38140 207623 805162
D 553
I 24324 19303 104505 738167
I 3740 65187 296896 475790
Q 58816 46984 827330 659175
D 51
I 74506 35789 484840 86104
I 23061 51540 446789 771151
Q 80687 41955 770593 201214
I 66425 78171 260432 706316
I 21927 83183 234979 697195
I 67364 11022 512037 123724
I 38698 44530 926042 406575
I 91011 12702 449681 672096
I 20876 71304 854280 645623
I 45585 14517 227923 59141
D 610
I 74153 57634 422099 157103
I 99841 67430 613633 223096
I 97909 84767 163255 500885
D 83
I 19918 96178 833295 684601
I 73818 28886 702299 132355
I 77247 36798 657609 481316
I 92054 38722 303553 994790
I 65624 5502 387358 384738
I 69265 77020 470037 613761
Q 99918 7856 684738 57506
I 94463 71328 340433 112916
I 47609 1631 880352 700530
I 79016 49713 272090 417391
I 83606 9186 468453 233616
I 10937 13852 355291 27399
I 10831 43262 292491 528776
Q 5126 36118 216876 332986
D 722
I 24380 76359 645931 253984
I 71537 76419 609320 309537
I 32450 50698 536846 499829
I 49368 19281 530043 147901
D 292
I 51158 45158 476800 483108
I 83769 56 266982 648381
I 79248 39297 175832 688688
I 88004 87139 666154 212412
I 22863 56704 327637 950625
D 845
